motif,freq
AAAAA,0.0004023804851633313
AAAAG,0.0003654651221098193
AAAAC,0.0004621425795078842
AAAAT,0.00012894364826476144
AAAGG,0.00042406561156222534
AAAGC,0.0005618919588482144
AAACA,0.00018753587986248394
AAACC,0.00043449252940926905
AAACT,0.000708719367739228
AAATA,0.0005646665980218733
AAATG,0.0017715190285979444
AAATC,0.000376816919681416
AGAAA,0.00021031379569782892
AGAAG,0.0016874320469740026
AGAAC,0.0023267991984628963
AGAGA,0.0017918361037376038
AGAGC,0.0014094258638172245
AGAGT,0.0007468761616134941
AGACA,0.0028790900249324176
AGACC,0.0010023301436296098
AGACT,0.0030854923501284913
AGATA,0.00016366792720891578
AGATG,0.0003753607846388907
AGATC,0.0010155812477784134
AGATT,0.0002194937774876628
ACAAA,0.0005734942446785442
ACAAG,0.0010866923870763352
ACAAC,0.0015981013276260326
ACAAT,0.0011231810943045325
ACAGA,0.0014509821412028684
ACAGG,0.0009932189772954717
ACAGC,0.003943926623279733
ACAGT,0.0008010697092831342
ACACA,0.0010979505956281855
ACACG,0.005179081474474417
ACACC,0.0010618197287696068
ACACT,0.00021042114780871454
ACATA,0.0009054930343743304
ACATG,0.0012060101293983533
ACATC,0.0004927269206373728
ACATT,0.00025206826159587705
ATAAA,0.0005293450009222785
ATAAG,0.00016775556527725261
ATAGC,0.0003282882603246629
ATAGT,0.0005384589198746444
ATACA,0.0009314970187726994
ATACC,0.00023582781405164316
ATACT,0.0013100838719746141
ATATA,0.0003807036166191208
ATATG,0.0006496068912964444
ATATC,0.0012179785134529852
ATATT,0.0006821043020942792
GAAAA,0.00044396153611302576
GAAAG,0.00031801273648015014
GAAAC,0.0002813368512124599
GAAAT,0.0004377929186644447
GAAGA,0.0011083885239481406
GAAGG,0.003257899840210787
GAAGC,0.0027790240944958865
GAAGT,0.001306458673768554
GAACA,0.00268190346556314
GAACC,0.0009124048587444271
GAACT,0.0010322786299484681
GAATA,0.00024017695085162445
GAATG,0.00011038824879091726
GAATC,0.00023843454351340408
GGAAA,0.0005944526798652894
GGAAG,0.0028865193415293475
GGAAC,0.00024842104244399404
GGAAT,0.0003609067863245225
GGAGA,0.0006976758634091489
GGAGG,0.001184495665329585
GGAGC,0.0023157639519875007
GGAGT,0.005718908445608296
GGACA,0.004700973709245082
GGACG,0.0002635824636429161
GGACC,0.0002578983070024342
GGACT,0.001552707900430785
GGATA,0.0006075303690657395
GGATG,0.0016824222817993406
GGATC,0.001957196891156639
GGATT,0.002486247361928539
GCAAA,0.0019386277285916556
GCAAG,0.0014655352337734388
GCAAC,0.00022140959977423686
GCAAT,0.0001532134831795937
GCAGA,0.0024198844890736346
GCAGG,0.0011665183156835865
GCAGC,0.006194238819045743
GCAGT,0.0018343090029931172
GCACA,0.0022556660382191517
GCACC,0.0014296328342277705
GCACT,0.0015796009805167453
GCATA,0.00016122910745905284
GCATG,0.0005030905282651763
GCATC,0.00016102541371019297
GTAAA,0.00011881126056809619
GTAAC,0.00037362938777358163
GTAAT,0.0003491916431468514
GTAGA,0.0007357253051725294
GTAGC,0.0014211079755761615
GTAGT,0.001409970882226336
GTACA,0.0011194237704235362
GTACC,0.00019009581481437164
GTACT,0.00011248023864407281
GTATA,0.0006245030130585778
GTATG,0.00020073468426495876
GTATC,0.001992961659790915
GTATT,0.0032122366564292116
CAAAA,0.0004017831670078909
CAAAG,0.00019687826612776018
CAAAC,0.0005706452848127337
CAAAT,0.0018296047784417452
CAAGA,0.0024938308251462277
CAAGG,0.002113947488759002
CAAGC,0.0005817410888891416
CAAGT,0.00024968449421057087
CAACA,0.0005339749047814991
CAACG,0.0006820492497297225
CAACC,0.0010776362731067539
CAACT,0.0007633368186159548
CAATG,0.0002210407489317068
CAATC,0.0002965505721577109
CAATT,0.0009186835809221216
CGAAT,0.00023628199605923615
CGAGG,0.0013423225366590323
CGAGC,0.0005020693069026491
CGAGT,0.0007932605313707628
CGACA,0.0013540431850731591
CGACT,8.806726758139309e-05
CGATT,0.0014280968732566378
CCAAA,0.00021953506676108037
CCAAG,0.0024751845892708652
CCAAC,0.0007819362599814445
CCAGA,0.0018916075040237568
CCAGG,0.004915421937521121
CCAGC,0.001651400274371626
CCAGT,0.0009388052201676047
CCACA,0.0004878190023371408
CCACG,0.0005502263627986443
CCATA,0.0009785282538135097
CCATG,0.0012536937349591608
CCATC,0.0030523012795372418
CCATT,0.0002774914435481727
CTAAC,0.000265534069966452
CTAGT,0.00022450904789878047
CTACA,0.0021963939099191535
CTACG,0.001425958088893609
CTACC,0.000182424267813392
CTACT,0.0016083410674335836
CTATA,0.000573750238173733
CTATG,0.002417949398459466
CTATC,0.0008008247262608568
CTATT,0.00107881164109004
TAAAG,0.000248572436446525
TAAAT,0.0003899826926651568
TAACA,0.00030724449397285473
TAATA,0.0003807779373112724
TGAAA,0.00081536130312206
TGAAG,0.005320780755606971
TGAAC,0.002050359255077757
TGAAT,0.0001251973348566763
TGAGA,0.004035910866599337
TGAGG,0.0011661274438952338
TGAGC,0.0021122986704405285
TGAGT,0.0009516021423088154
TGACA,0.00018691654076122077
TGACG,0.00036314466494375336
TGACC,0.0015725239990529783
TGACT,0.0002819396746043561
TGATA,0.0003538160417696163
TGATT,0.0004337162910690192
TCAAA,0.00025932691586268126
TCAAG,0.0011639914121504328
TCAAC,0.0004911661861021897
TCAAT,0.0002399925254303594
TCAGG,0.00025816806358876216
TCAGC,0.0022570423473330698
TCAGT,0.0014390165097664643
TCACA,0.00032727529681681914
TCACG,0.00048322488251488206
TCACC,0.005835911236000703
TCACT,0.0008199361546167239
TCATA,0.0006667116609642189
TCATC,0.0006030408487361386
TCATT,0.00017690802088480816
TTAGT,0.0008634605540352707
TTACA,0.0006961371498197884
TTACC,0.00046736704890431744
TTACT,0.004289680246260017
TTATA,0.0006924981885225889
TTATG,0.0004335236077930707
TTATT,0.000457372292119044
AAGAA,0.003155981397706922
AAGAG,0.0002084833045763178
AAGAC,0.0001675436136737092
AAGAT,0.00028493177061801405
AAGGA,0.00038608773787276855
AAGGG,0.003381712608098862
AAGGC,0.001303128005712872
AAGGT,0.0008956524242098157
AAGCA,0.0005962941814597119
AAGCC,0.0021550413262823695
AAGCT,0.0012225643754205605
AAGTA,0.0003594011041538961
AAGTG,0.00034329828752105397
AAGTC,0.00023555255222885952
AAGTT,0.0007170625535877996
AGGAA,0.00023917775043491988
AGGAG,0.0008828279758863266
AGGAC,0.0024286295571834707
AGGGA,0.002912784824659361
AGGGG,0.0019863829022263866
AGGGC,0.0011018978501669027
AGGGT,0.0004781545597392077
AGGCA,0.000820858281723049
AGGCC,0.0013534265985901239
AGGCT,0.0027858973822107932
AGGTA,0.00017681167924683388
AGGTG,0.003908709625672796
AGGTC,0.0016080988370295339
AGGTT,0.0004395683574213991
ACGAA,0.00021910841093576575
ACGAG,0.0005161599596109429
ACGAC,0.0004205973125951516
ACGAT,0.00029460447107063065
ACGGC,0.003321661488840386
ACGCA,0.0012830201295585281
ACGCC,0.0007601272657622978
ACGCT,0.0012437154938832542
ACGTC,0.0010292012027697472
ATGAA,0.002079250735997126
ATGAG,0.0007577682719410421
ATGAC,0.000693034949077017
ATGAT,0.0009007062312761231
ATGGA,0.0014528621794524805
ATGGG,0.0010472225943073913
ATGGC,0.00034783735497875595
ATGGT,0.0007637194325496241
ATGCA,0.0016818690055355454
ATGCC,0.0007345609476621547
ATGCT,0.0005043980219233985
ATGTA,0.00020314597783254332
ATGTG,0.00016616179932333542
GAGAA,0.00022126646362638936
GAGAG,0.0015390989559123625
GAGAC,0.0038771150736536916
GAGAT,0.0009649275671497707
GAGGA,0.002453433400034503
GAGGG,0.00044406063036922787
GAGGC,0.000397830407232718
GAGGT,0.002651627417675169
GAGCA,0.002008414858521988
GAGCC,0.0012042952482424112
GAGCT,0.003101430009667663
GAGTA,0.00031546105938294594
GAGTG,0.0036740764479320336
GAGTC,0.003964205161764203
GAGTT,0.0002754985479512192
GGGAA,0.0026864810696760315
GGGAG,0.001721297509031072
GGGAC,0.0009763426749406077
GGGAT,0.0008616823626600885
GGGGA,0.00233016565055554
GGGGG,0.0028364712369108288
GGGGC,0.00363174393220614
GGGGT,0.001115641672978489
GGGCG,0.0003030054619019869
GGGCC,0.0014443263103279605
GGGCT,0.0037905094463512794
GGGTA,0.0003107761031591687
GGGTG,0.0016772005650211353
GGGTC,0.004451743397042104
GGGTT,0.0006636204706943588
GCGAC,0.0008477568670454649
GCGGA,0.000985230879198291
GCGCC,0.00024035862365466164
GCGCT,0.00047626075839845634
GCGTG,0.0004274816107829701
GCGTC,0.00026595522055531095
GTGAA,0.004340322916415749
GTGAG,0.0002796935381304417
GTGAC,0.001043996525744367
GTGAT,0.00020463514429380273
GTGGA,0.003736924227309991
GTGGG,0.0023601939628030057
GTGGC,0.001482895996936402
GTGGT,0.0020545680083481187
GTGCA,0.005475678841142001
GTGCG,0.001014782988492341
GTGTA,0.0026213871538241598
GTGTG,0.0002466153248865334
CAGAA,0.0008732185856529502
CAGAG,0.0022383685852754285
CAGAC,0.002168165809992693
CAGAT,0.0006358960999035921
CAGGA,0.0008363665328186785
CAGGG,0.00263886627957092
CAGGC,0.0031912451898237324
CAGGT,0.002545951651290307
CAGCA,0.0009463556519665595
CAGCG,0.00029353920781645805
CAGCC,0.007164225698498277
CAGCT,0.005322388284652028
CAGTA,0.0006055126999047355
CAGTG,0.0012093050134170734
CAGTC,0.0014397487062150687
CAGTT,0.0014302989678389069
CGGAG,0.0006565242209029969
CGGAC,0.0011867418018034995
CGGGA,0.00026623598761455023
CGGGG,0.0004533342011788082
CGGGC,0.0006112133722545844
CGGCA,0.0004289680246260017
CGGCC,0.0019362412085881216
CGGCT,0.0016731266900439376
CGGTG,0.0003534224173630357
CGGTT,0.00040668833268989505
CCGAG,0.0012674348051525193
CCGAC,0.0002008365311393887
CCGAT,0.0011566639424279328
CCGGA,0.00013719875033004237
CCGGG,0.0006584097643890647
CCGGC,0.00054044906285337
CCGGT,0.00038413613154923264
CCGCA,0.00032779829428010806
CCGCG,0.0007549853749126996
CCGCC,0.003090769119271253
CCGTA,0.0006572729330609684
CCGTG,0.002422989442434634
CCGTC,0.0011210478151779594
CTGAA,0.001587858835200254
CTGAG,0.0062737234229927425
CTGAC,0.0006284943094889404
CTGAT,0.0002471135487857718
CTGGA,0.00824059026198377
CTGGG,0.007577272579294474
CTGGC,0.00020603072173531572
CTGGT,0.004305232539247292
CTGCA,0.004218365413213235
CTGCG,0.0004429760987874604
CTGCC,0.00017047515208635483
CTGTA,0.0017451544512117289
CTGTG,0.004415254689813907
CTGTC,0.0016872944160626108
CTGTT,0.0006421913377906535
TAGAC,0.0008370904714125995
TAGCA,0.0009306602228314372
TAGCT,0.0007725525844427506
TAGTA,0.0006935166572668883
TAGTG,0.0005539506552609067
TAGTT,0.000762863368280767
TGGAA,0.00043922978537937527
TGGAG,0.006647099569889363
TGGAC,0.001335738273858048
TGGAT,0.0058340119294234966
TGGGA,0.0017519203868157503
TGGGG,0.00459748627435135
TGGGC,0.00022661755346130305
TGGGT,0.005472645455854925
TGGCA,0.000988960676897009
TGGCC,0.0003026476215323682
TGGCT,0.0008318660020161662
TGGTA,0.002390527815673761
TGGTG,0.004323842991085692
TGGTC,0.0011697581473377498
TGGTT,0.0005180895449886561
TCGAG,0.0008646772112919744
TCGGA,0.000775118024631094
TCGGG,0.0006580078821278007
TCGGT,0.0003226756717581048
TTGAA,0.00034805481181875505
TTGAG,0.0009608674552637123
TTGGA,0.0008139079206977625
TTGGG,0.0010210314318695292
TTGGT,0.0013418435810873888
TTGCA,0.00020203942530495314
AACAA,0.00014183140680749077
AACAG,0.0018601863669530057
AACAC,0.0014202932005807222
AACAT,0.00031107889116423063
AACGC,0.0007153146410131236
AACCA,0.0009700612001446854
AACCG,0.00017710620939721236
AACCC,0.001261255177231027
AACTA,0.0011486951126583468
AACTG,0.0006466423214650648
AACTC,0.0007254139972910548
AGCAA,0.0006957215044673851
AGCAG,0.0017646705144470879
AGCAC,0.002267879405296061
AGCAT,0.00036141877331490003
AGCGC,0.00022313273878486235
AGCCA,0.0002556246443462415
AGCCG,0.0013906364917940144
AGCCC,0.0012242902670494139
AGCCT,0.007716191716016914
AGCTA,0.0023024330219100896
AGCTG,0.00669090473636715
AGCTC,0.0010224600407297763
AGCTT,0.00028445006242814274
ACCAA,0.0007395514445092218
ACCAG,0.0018617718750522396
ACCAC,0.00028936623858305825
ACCAT,0.00348946660124574
ACCGA,0.00023678297257670233
ACCGG,0.00015710293273552632
ACCGC,0.0012859709362987685
ACCGT,0.00014674483034417848
ACCCA,0.00029799019149086926
ACCCG,0.0006395323085825637
ACCCC,0.00024205698910123659
ACCCT,0.0015095798780370465
ACCTA,0.00040954830302861693
ACCTG,0.001290435683064319
ACCTC,0.0003244043160051859
ACCTT,0.0025097574742124883
ATCAA,0.0006475176540615167
ATCAG,0.0017925104952034238
ATCAC,0.0002805826338180328
ATCAT,0.0008931833256594467
ATCGG,0.0001453107162474758
ATCCA,0.0007021708889752055
ATCCG,0.0012064505483148072
ATCCC,0.00029180781095114905
ATCCT,0.00024230472474174187
ATCTA,0.0007883416025976194
ATCTG,0.0025321610339688475
ATCTC,0.0022862916686220577
GACAA,0.0027474515634226047
GACAG,0.0009936456331207863
GACAC,0.005241315419987566
GACGA,0.000631004697312727
GACCA,0.0006623074717996809
GACCG,0.0007438978286909753
GACCC,0.00115156609346998
GACCT,0.00031019805333132305
GACTA,0.0002531500405594167
GACTG,0.0012841899923053586
GACTC,0.003512439952975261
GGCAA,0.0005438072570913302
GGCAG,0.0018084013602327224
GGCAC,0.00048091268320349964
GGCAT,0.00045767232750587816
GGCGC,0.0002116708364841522
GGCGT,0.0005160691232094243
GGCCA,0.00044096944009936774
GGCCG,0.003370919592027516
GGCCC,0.0015449978167746156
GGCCT,0.001537560242323002
GGCTA,0.0003767068149523026
GGCTG,0.004036951356289459
GGCTC,0.002300343784675162
GGCTT,0.002818535176538248
GCCAA,0.0009214802410416033
GCCAG,0.0024640997956673683
GCCAC,0.000285639193502568
GCCAT,0.0007558001499081392
GCCGA,0.0023278011514978286
GCCGG,0.0005700754928395715
GCCGC,0.0007636671328032953
GCCGT,0.0019611193721313057
GCCCA,0.0007242578976353636
GCCCG,0.0004953281448626781
GCCCC,0.0015203095838891524
GCCCT,0.00024024576630732035
GCCTA,0.0009470713327057969
GCCTG,0.005400747067743842
GCCTC,0.0022732552686950255
GCCTT,0.0010145545211794305
GTCAA,0.00026844083481504706
GTCAG,0.00031787235295053053
GTCAC,0.001715951924432614
GTCGA,0.0008913500819197076
GTCGG,0.0006553488529197108
GTCCA,0.001956049049355631
GTCCG,0.0018599799205859181
GTCCC,0.003174085367791401
GTCCT,0.0009160851093150442
GTCTA,0.0005153754634160096
GTCTG,0.0031633116200476498
GTCTC,0.002447548302263389
CACAA,0.0005381175952143926
CACAG,0.002408719869541531
CACAC,0.000247782435015136
CACAT,0.0009477980239179457
CACGA,0.0007542917151192849
CACGG,0.0033336436359861573
CACGC,0.0010569035526146913
CACGT,0.0011377754761485203
CACCA,0.003743580058184899
CACCG,0.00045894678974536633
CACCC,0.00025999855471027327
CACCT,0.003938355323986592
CACTG,0.0021548348799152817
CACTC,0.00030857400857689965
CACTT,0.0001757188898103829
CGCAG,0.001243484273952116
CGCAC,0.0004161077922655507
CGCGG,0.0007507160640413256
CGCCA,0.0031097621850433234
CGCCG,0.0007177864921817206
CGCCT,0.0003346082717757749
CGCTG,0.0016335110085089182
CCCAG,0.000945978543269346
CCCAC,0.00016177687848639228
CCCGG,0.00035305907175696134
CCCGT,0.0007821096749297982
CCCCA,0.0008332010218566669
CCCCG,7.745867693131217e-05
CCCCC,0.000808807319121582
CCCCT,0.0009262477758122156
CCCTA,0.0005770919167023262
CCCTG,0.004418345880083767
CCCTC,0.0019065542210009074
CTCAA,0.0009558742057984173
CTCAG,0.0015714477253258943
CTCAC,0.0018398004763576505
CTCAT,0.0002791953142312033
CTCGG,0.000463474846730157
CTCCA,0.004238137469943783
CTCCG,0.0010683324234966674
CTCCC,0.0012224845494919533
CTCCT,0.0027085075207351774
CTCTG,0.0040928515272603576
CTCTC,0.001839439883369804
TACAA,0.0009512250336116019
TACAG,0.0019264088562782904
TACAC,0.0006357887477927064
TACAT,0.0014299383748510603
TACGC,0.001519593903149915
TACCA,0.0005767065501504291
TACCG,0.0002808441325496772
TACCT,0.00020096039895964134
TACTA,0.002669442362845725
TACTG,0.0045064186529016155
TGCAA,0.00252516112581546
TGCAG,0.006806528465027412
TGCAC,0.002171700171797235
TGCGA,0.0008212656692207688
TGCGG,0.0002694923349780805
TGCGC,0.0004645869044942028
TGCCA,0.0006148798597340622
TGCCC,0.00018494841872831785
TGCTA,0.0005063000811188334
TGCTG,0.00012992082773564332
TCCAA,0.0019678908129717827
TCCAG,0.004765076682534933
TCCAC,0.0005397526504417274
TCCAT,0.0011824587278409862
TCCGG,0.0006457752467232963
TCCGC,0.002206487760960629
TCCGT,0.0013612798183941406
TCCCT,0.00456232432910897
TCCTG,0.0029860402535567673
TCCTC,0.0003102255795136014
TCCTT,0.0005389158545004651
TTCAA,0.0002840481801668786
TTCAG,0.0005070625563679441
TTCAC,0.0035939036894280752
TTCAT,0.00028497856512788727
TTCGG,0.0006539422650052865
TTCCA,0.0015927282168452963
TTCCT,0.0001946101087080231
TTCTG,0.0010557584634319113
TTCTC,0.0011133680103222964
AATAA,0.00047898034520755855
AATAC,0.0005968997574698358
AATGA,0.0018800575179397558
AATGG,0.00029742590475416284
AATGC,0.00014536026337557686
AATCA,0.000321007585112036
AATCC,0.00032806529824820814
AATTA,0.00013781258419484985
AATTC,0.0009047966219626878
AGTAA,0.0004899963233553592
AGTAG,0.0023351396316932398
AGTAC,0.00025316105103232806
AGTAT,0.0003000519025435186
AGTGA,0.0010906836835066977
AGTGG,0.005226822885018008
AGTGC,0.00021040738471757536
AGTCA,0.0013954645841656392
AGTCG,0.0015037635957216287
AGTCC,0.0004353458410598983
AGTCT,0.003184457233273888
AGTTA,0.001196670495751305
AGTTG,0.000348963175833941
AGTTC,0.0014254956490313325
AGTTT,0.00022548622736966235
ACTAG,0.00022545870118738398
ACTAC,0.0029506553462379324
ACTAT,0.0010924013172808676
ACTGA,0.0002555943655457353
ACTGG,0.003477104592784527
ACTGC,0.00021461063275148132
ACTGT,0.004717181125370582
ACTCA,0.0009256284367109525
ACTCC,0.0012259418379861155
ACTCT,0.0024264742571110747
ATTAG,0.000842493860993842
ATTAC,0.004178691926695431
ATTAT,0.0006281502322104608
ATTGG,0.001196904468300671
ATTCA,0.0031524745620846585
ATTCC,0.0009153281393023893
ATTTA,0.0002280103782845882
ATTTC,0.00015271250666212748
GATAA,0.00014344444108900284
GATAC,0.00084925153874318
GATGA,0.0007400551736449158
GATGG,0.00152014717941371
GATGC,0.0002609647237082438
GATCA,0.0009315162871002942
GATCC,0.0010932271027492184
GATCT,0.0009341918320177512
GATTA,0.0004979431321791225
GATTG,0.0008476109782793896
GATTC,0.0031699096459397733
GGTAA,0.0003508982664481099
GGTAG,0.0010651228706430103
GGTAC,0.0010745120514181598
GGTAT,0.0006097297110297806
GGTGA,0.0022733048158231264
GGTGG,0.003553822815412551
GGTGC,0.004680915380218839
GGTGT,0.0002603866738803982
GGTCA,0.0006007616808434901
GGTCC,0.005027147958770767
GGTCT,0.001619428613655308
GGTTA,0.00047196116872657613
GGTTC,0.000927907604603601
GGTTT,0.0004784408320349027
GCTAC,0.0008585856671537727
GCTAT,0.002336031479999059
GCTGA,0.0021710340381860985
GCTGG,0.006376203399615086
GCTGC,0.0011141002067709008
GCTGT,0.0028365483102212085
GCTCC,0.0023752755580733202
GCTCT,0.0007855669634239604
GCTTA,0.00023873733151846607
GCTTG,0.0020433510890696858
GCTTC,0.000840644101544736
GCTTT,0.00017234417986305566
GTTAC,0.0010955337968241452
GTTAT,0.0005857599115017825
GTTGA,0.00027686659921045384
GTTGG,0.0007503389553441121
GTTCA,0.00071033240202074
GTTCC,0.0005726134068456365
GTTCT,0.001093067450892004
GTTTC,0.0006538376655126287
CATAA,0.0002203415839018364
CATAG,0.000343449681523585
CATAC,0.0006883417349985561
CATAT,0.0014598070352413114
CATGA,0.0012318599671759635
CATGG,0.0010181053986933392
CATGC,0.0004932994652287627
CATGT,0.00026888675896795654
CATCA,0.0008770860142630601
CATCG,9.657285790540711e-05
CATCC,0.000639997501063068
CATCT,0.0025350925723814934
CATTA,0.00044944475162287555
CATTT,0.00020865121428821583
CGTAT,0.0006931120223873964
CGTGA,0.0010594524770936677
CGTGG,0.0004696682377427885
CGTGT,0.0013793012099317845
CGTCA,0.00023523600113265836
CGTCC,0.0016307198536258923
CGTCT,0.0004591284625484035
CCTAA,0.0002680857470636562
CCTAC,0.001256564715770794
CCTAT,0.000390888304062115
CCTGA,0.00480963056117069
CCTGG,0.004271782722542626
CCTGC,0.001997646616014693
CCTGT,0.003016462190210814
CCTCA,0.002309215473223478
CCTCG,0.0004991542841993704
CCTCC,0.0004937481419999
CCTCT,0.0016746048460322856
CCTTA,0.00025169390551689133
CCTTG,0.0003856720925203653
CCTTC,0.002750906099298539
CCTTT,0.0007931834580603834
CTTAC,0.0003055158497257736
CTTAT,0.0001230860766759259
CTTGA,0.0010890761544616414
CTTGG,0.0011459039577753208
CTTGT,0.00020253764920419152
CTTCA,0.00035057896273368085
CTTCG,0.0006598879203774128
CTTCC,0.00021223787583908647
CTTCT,0.0009571376575649941
TATAG,0.0005070240197127543
TATAC,0.0004568437894192994
TATAT,0.00122149635954816
TATGA,0.0005776506982025769
TATGG,0.0007757566320599521
TATGC,0.002149472779607457
TATGT,0.0001949211545677686
TATCA,0.0013111023407189136
TATCC,0.0003807559163654497
TATCT,0.002130757728276398
TATTA,0.004757895101578508
TATTG,0.0003884825157309861
TATTT,0.0002069858802603749
TGTAT,0.004427977291262966
TGTGA,0.0014442024425077077
TGTGG,0.00046575676724103324
TGTGC,0.0017130011176923737
TGTGT,0.001265689645196071
TGTCA,0.00012359806366630345
TGTCC,0.000847905508429768
TGTCT,0.0009532371975361501
TGTTG,0.0005515035776563603
TCTAC,0.0002859805181628197
TCTAT,0.0010532398177534412
TCTGA,0.0015006531371241736
TCTGG,0.006204079429210258
TCTGC,0.0016427487952815367
TCTGT,0.0014996291631434186
TCTCA,0.0012913550575524163
TCTCC,0.005143415800096343
TCTCT,0.0012054375848069632
TTTAT,0.00033901521355854077
TTTGG,0.00026344208011329644
TTTCA,0.0004568933365474005
TTTCC,0.0002427121122394616
TTTCT,0.00014949744857201475
CGYKC,4.9508591445862854e-05
CGMYC,5.526982139672413e-05
GYTMG,8.457970028672454e-05
TBTMG,8.82571982391138e-05
GACGY,9.147225632922653e-05
TAAMC,9.572505149123354e-05
RTTYG,9.579661956515728e-05
YGKCG,9.615445993477599e-05
CGAWV,9.969432697577341e-05
CGRTM,9.998335188969622e-05
TCSCR,0.00011901220169872824
CSCRA,0.00011952418868910578
GMRCG,0.00012265666823238345
GCGWW,0.00012751779202274226
CKTTD,0.00012963455543994835
TTTRM,0.00013174581362069876
KYTAR,0.0001409973634844564
BCGAA,0.0001446198090722889
GRCGG,0.00014487580256747768
ACGGW,0.00014711918642316423
DTTTK,0.00014868542619480305
TGCBT,0.00015423470454212093
CKAGA,0.00015495864313604186
TCCBA,0.0001555587139097102
TAMTY,0.00015595233831629075
TMGAW,0.00015855906777805168
TAGRD,0.00012096380802226414
GATAK,0.00015936007968235204
RGCGR,0.00015977297241652748
CBCGM,0.00015980875645348934
GTGCY,0.0001599271190372863
WCKTG,0.00016761242912940511
CCSTT,0.00016897772777041192
CGNWA,0.00017347550595469635
RCGGK,0.00017352230046456955
YGHTC,0.00017460132680988138
CCMAT,0.00017994966402656723
THSCC,0.00018040109341593236
NTAGG,0.00018272430320022615
CTAAD,0.00018272430320022615
TMAGA,0.00018393270260224628
WAMGW,0.00017782739537290545
TADAA,0.0001861595707485658
ACTTM,0.00018787445190450778
GWTKT,0.00018810842445387389
ATHGA,0.00018943518643969095
YGTTH,0.00019594512854852368
WACGD,0.0001967213668887735
CGSRT,0.000197032412748519
AKASG,0.00019804812887459056
TTAAW,0.00020020893418344203
RAYKT,0.00020388643213583126
MWTTG,0.0002044947607641831
HTCGH,0.00020554350830898868
MGRCG,0.00020854936741378585
WADCG,0.00020906961225884693
TTARV,0.00020971372492416062
KCGGC,0.00021367198993578915
KTYKT,0.00021396927270439547
GGTYG,0.0002165842600208399
YKTWA,0.00021782569084159405
TKTWM,0.00018473371450654662
BTTTD,0.00021791652724311263
ACGTD,0.0002200910956431033
TWAKC,0.00022100771751297276
RTGTY,0.00022139033144664202
GWCWT,0.00022156925163145137
YTCTW,0.00022333092729726658
CRMTA,0.00022350434224562026
ATAAY,0.0002247843097215641
ATTBT,0.00022692034146636503
GMATT,0.00023439920519139614
TVATG,0.00023450380468405393
KNTCG,0.0002348396241078499
DMGCG,0.00023673893068505697
WHKCG,0.00020588758558746822
CCACY,0.00023676095163087965
YTHGC,0.00023704171869011893
NTYGC,0.0002076079719798659
DTBTT,0.0002421478255027552
TYGTN,0.00024367828123743215
AATAK,0.0002495964104272801
TAASB,0.00024996526126981014
AAYBT,0.00025071397342778164
WCTTD,0.0002540473941016913
YGCDT,0.00025443276065358837
TKSCG,0.0002598333976166031
WAMKT,0.000260692214503688
YWTTC,0.00026088489777963657
TYGYB,0.0002618097775041895
CGWWS,0.00026433117580088755
ARYGT,0.00026588915771784286
GSGCA,0.000267400345124925
GCKMR,0.0002443719410308469
AGRAT,0.00026805546826315
YYGCT,0.00027319735911274814
KTAVG,0.0002739157924702134
TYGWY,0.0002756994890818513
THKTC,0.0002817194651461292
THGBC,0.00028179653845650856
DYTAA,0.0002823332990109366
SYTAG,0.0002840096435116889
